function [weightedcoeffHbO,weightedcoeffHbR,weightedcoeffHbT] = GetHbcoeffs_JNeurosci2023(ledType,bandfilterType,cutfilterType)
%________________________________________________________________________________________________________________________
% Edited by Kevin L. Turner
% The Pennsylvania State University, Dept. of Biomedical Engineering
% https://github.com/KL-Turner
%
% Adapted from code written by Dr. Kyle W. Gheres
%
% Purpose: creates weighted Beers-Lambert law coefficients for estimation of oxy and deoxy hemoglobin concentration
%          from data collected during intrinsic imaging.
%________________________________________________________________________________________________________________________

%% create constant for wavelength specific tissue penetration depth
% Data from Ma Y., Hillman EMC et al. Philosophical Transactions... 2016
Wavelength_chiVal(:,1) = 400:2:700;
Chi = [0.022148;0.01959;0.016739;0.013091;0.009544;0.007862;0.006824;0.00613;0.006034;...
    0.006016; 0.006615; 0.007661; 0.009103; 0.010869; 0.012758; 0.014514; 0.016324; 0.021095; 0.025688; 0.030731;...
    0.042163; 0.051656; 0.071701; 0.087201; 0.121648; 0.173374; 0.225728; 0.288434; 0.322998; 0.347592; 0.377372;...
    0.412918; 0.433427; 0.467785; 0.499849; 0.526691; 0.554803; 0.580816; 0.604492; 0.626572; 0.64898; 0.666149;...
    0.67508; 0.683987; 0.692555; 0.697841; 0.705741; 0.71456; 0.723036; 0.730719; 0.73081; 0.731133; 0.727479;...
    0.731214; 0.721874; 0.712537; 0.700563; 0.68522; 0.664134; 0.625646; 0.58763; 0.544338; 0.49737; 0.45224;...
    0.410981; 0.371713; 0.338528; 0.315274; 0.295698; 0.282444; 0.272231; 0.269437; 0.272728; 0.281333; 0.296392;...
    0.316101; 0.336472; 0.355977; 0.374246; 0.383791; 0.392168; 0.396586; 0.390147; 0.373314; 0.3498; 0.324347;...
    0.299444; 0.280016; 0.271559; 0.278296; 0.306261; 0.354421; 0.434922; 0.542064; 0.677941; 0.847256; 1.040145;...
    1.252074; 1.481586; 1.702211; 1.998288; 2.156612; 2.342275; 2.51064; 2.645002; 2.794747; 2.940892; 3.100511;...
    3.205588; 3.305013; 3.410977; 3.506547; 3.602268; 3.693374; 3.771878; 3.846483; 3.924145; 4.000972; 4.053497;...
    4.096681; 4.140704; 4.185688; 4.231663; 4.274555; 4.311313; 4.348707; 4.386754; 4.425469; 4.464193; 4.502907;...
    4.535122; 4.565273; 4.595836; 4.626793; 4.657428;4.687721; 4.718404; 4.748249; 4.775131; 4.801533; 4.82704;...
    4.852812; 4.878841; 4.905157; 4.928464; 4.948468; 4.964616; 4.980853; 4.995942; 5.009848; 5.023943]; % Chi value for tissue scattering from Ma et al. 2016 Philosophical Transactions
Wavelength_chiVal(:,2) = Chi/10; % Values of Chi are in mm, extinction are in cm-1 convert to Chi to mm.
%% create constant for wavelength dependent hemoglobin extinction coefficients
% Data from Scott Prahl
lambda_HbO2_HbR=[250	106112	112736; ...
    252	105552	112736; ...
    254	107660	112736; ...
    256	109788	113824; ...
    258	112944	115040; ...
    260	116376	116296; ...
    262	120188	117564; ...
    264	124412	118876; ...
    266	128696	120208; ...
    268	133064	121544; ...
    270	136068	122880; ...
    272	137232	123096; ...
    274	138408	121952; ...
    276	137424	120808; ...
    278	135820	119840; ...
    280	131936	118872; ...
    282	127720	117628; ...
    284	122280	114820; ...
    286	116508	112008; ...
    288	108484	107140; ...
    290	104752	98364; ...
    292	98936	91636; ...
    294	88136	85820; ...
    296	79316	77100; ...
    298	70884	69444; ...
    300	65972	64440; ...
    302	63208	61300; ...
    304	61952	58828; ...
    306	62352	56908; ...
    308	62856	57620; ...
    310	63352	59156; ...
    312	65972	62248; ...
    314	69016	65344; ...
    316	72404	68312; ...
    318	75536	71208; ...
    320	78752	74508; ...
    322	82256	78284; ...
    324	85972	82060; ...
    326	89796	85592; ...
    328	93768	88516; ...
    330	97512	90856; ...
    332	100964	93192; ...
    334	103504	95532; ...
    336	104968	99792; ...
    338	106452	104476; ...
    340	107884	108472; ...
    342	109060	110996; ...
    344	110092	113524; ...
    346	109032	116052; ...
    348	107984	118752; ...
    350	106576	122092; ...
    352	105040	125436; ...
    354	103696	128776; ...
    356	101568	132120; ...
    358	97828	133632; ...
    360	94744	134940; ...
    362	92248	136044; ...
    364	89836	136972; ...
    366	88484	137900; ...
    368	87512	138856; ...
    370	88176	139968; ...
    372	91592	141084; ...
    374	95140	142196; ...
    376	98936	143312; ...
    378	103432	144424; ...
    380	109564	145232; ...
    382	116968	145232; ...
    384	125420	148668; ...
    386	135132	153908; ...
    388	148100	159544; ...
    390	167748	167780; ...
    392	189740	180004; ...
    394	212060	191540; ...
    396	231612	202124; ...
    398	248404	212712; ...
    400	266232	223296; ...
    402	284224	236188; ...
    404	308716	253368; ...
    406	354208	270548; ...
    408	422320	287356; ...
    410	466840	303956; ...
    412	500200	321344; ...
    414	524280	342596; ...
    416	521880	363848; ...
    418	515520	385680; ...
    420	480360	407560; ...
    422	431880	429880; ...
    424	376236	461200; ...
    426	326032	481840; ...
    428	283112	500840; ...
    430	246072	528600; ...
    432	214120	552160; ...
    434	165332	552160; ...
    436	132820	547040; ...
    438	119140	501560; ...
    440	102580	413280; ...
    442	92780	363240; ...
    444	81444	282724; ...
    446	76324	237224; ...
    448	67044	173320; ...
    450	62816	103292; ...
    452	58864	62640; ...
    454	53552	36170; ...
    456	49496	30698.8; ...
    458	47496	25886.4; ...
    460	44480	23388.8; ...
    462	41320	20891.2; ...
    464	39807.2	19260.8; ...
    466	37073.2	18142.4; ...
    468	34870.8	17025.6; ...
    470	33209.2	16156.4; ...
    472	31620	15310; ...
    474	30113.6	15048.4; ...
    476	28850.8	14792.8; ...
    478	27718	14657.2; ...
    480	26629.2	14550; ...
    482	25701.6	14881.2; ...
    484	25180.4	15212.4; ...
    486	24669.6	15543.6; ...
    488	24174.8	15898; ...
    490	23684.4	16684; ...
    492	23086.8	17469.6; ...
    494	22457.6	18255.6; ...
    496	21850.4	19041.2; ...
    498	21260	19891.2; ...
    500	20932.8	20862; ...
    502	20596.4	21832.8; ...
    504	20418	22803.6; ...
    506	19946	23774.4; ...
    508	19996	24745.2; ...
    510	20035.2	25773.6; ...
    512	20150.4	26936.8; ...
    514	20429.2	28100; ...
    516	21001.6	29263.2; ...
    518	22509.6	30426.4; ...
    520	24202.4	31589.6; ...
    522	26450.4	32851.2; ...
    524	29269.2	34397.6; ...
    526	32496.4	35944; ...
    528	35990	37490; ...
    530	39956.8	39036.4; ...
    532	43876	40584; ...
    534	46924	42088; ...
    536	49752	43592; ...
    538	51712	45092; ...
    540	53236	46592; ...
    542	53292	48148; ...
    544	52096	49708; ...
    546	49868	51268; ...
    548	46660	52496; ...
    550	43016	53412; ...
    552	39675.2	54080; ...
    554	36815.2	54520; ...
    556	34476.8	54540; ...
    558	33456	54164; ...
    560	32613.2	53788; ...
    562	32620	52276; ...
    564	33915.6	50572; ...
    566	36495.2	48828; ...
    568	40172	46948; ...
    570	44496	45072; ...
    572	49172	43340; ...
    574	53308	41716; ...
    576	55540	40092; ...
    578	54728	38467.6; ...
    580	50104	37020; ...
    582	43304	35676.4; ...
    584	34639.6	34332.8; ...
    586	26600.4	32851.6; ...
    588	19763.2	31075.2; ...
    590	14400.8	28324.4; ...
    592	10468.4	25470; ...
    594	7678.8	22574.8; ...
    596	5683.6	19800; ...
    598	4504.4	17058.4; ...
    600	3200	14677.2; ...
    602	2664	13622.4; ...
    604	2128	12567.6; ...
    606	1789.2	11513.2; ...
    608	1647.6	10477.6; ...
    610	1506	9443.6; ...
    612	1364.4	8591.2; ...
    614	1222.8	7762; ...
    616	1110	7344.8; ...
    618	1026	6927.2; ...
    620	942	6509.6; ...
    622	858	6193.2; ...
